0 0 1
23 0 1
0 1 1
23 1 1
1 0 1
1 79 1
0 2 1
23 2 1
2 0 1
2 79 1
0 3 1
23 3 1
3 0 1
3 79 1
0 4 1
23 4 1
4 0 1
4 79 1
0 5 1
23 5 1
5 0 1
5 79 1
0 6 1
23 6 1
6 0 1
6 79 1
0 7 1
23 7 1
7 0 1
7 79 1
0 8 1
23 8 1
8 0 1
8 79 1
0 9 1
23 9 1
9 0 1
9 79 1
0 10 1
23 10 1
10 0 1
10 79 1
0 11 1
23 11 1
11 0 1
11 79 1
0 12 1
23 12 1
12 0 1
12 79 1
0 13 1
23 13 1
13 0 1
13 79 1
0 14 1
23 14 1
14 0 1
14 79 1
0 15 1
23 15 1
15 0 1
15 79 1
0 16 1
23 16 1
16 0 1
16 79 1
0 17 1
23 17 1
17 0 1
17 79 1
0 18 1
23 18 1
18 0 1
18 79 1
0 19 1
23 19 1
19 0 1
19 79 1
0 20 1
23 20 1
20 0 1
20 79 1
0 21 1
23 21 1
21 0 1
21 79 1
0 22 1
23 22 1
22 0 1
22 79 1
0 23 1
23 23 1
23 0 1
23 79 1
0 24 1
23 24 1
0 25 1
23 25 1
0 26 1
23 26 1
0 27 1
23 27 1
0 28 1
23 28 1
0 29 1
23 29 1
0 30 1
23 30 1
0 31 1
23 31 1
0 32 1
23 32 1
0 33 1
23 33 1
0 34 1
23 34 1
0 35 1
23 35 1
0 36 1
23 36 1
0 37 1
23 37 1
0 38 1
23 38 1
0 39 1
23 39 1
0 40 1
23 40 1
0 41 1
23 41 1
0 42 1
23 42 1
0 43 1
23 43 1
0 44 1
23 44 1
0 45 1
23 45 1
0 46 1
23 46 1
0 47 1
23 47 1
0 48 1
23 48 1
0 49 1
23 49 1
0 50 1
23 50 1
0 51 1
23 51 1
0 52 1
23 52 1
0 53 1
23 53 1
0 54 1
23 54 1
0 55 1
23 55 1
0 56 1
23 56 1
0 57 1
23 57 1
0 58 1
23 58 1
0 59 1
23 59 1
0 60 1
23 60 1
0 61 1
23 61 1
0 62 1
23 62 1
0 63 1
23 63 1
0 64 1
23 64 1
0 65 1
23 65 1
0 66 1
23 66 1
0 67 1
23 67 1
0 68 1
23 68 1
0 69 1
23 69 1
0 70 1
23 70 1
0 71 1
23 71 1
0 72 1
23 72 1
0 73 1
23 73 1
0 74 1
23 74 1
0 75 1
23 75 1
0 76 1
23 76 1
0 77 1
23 77 1
0 78 1
23 78 1
0 79 1
23 79 1
1 6 1
2 6 1
3 6 1
4 6 1
5 6 1
6 6 1
7 6 1
8 6 1
9 6 1
12 6 1
13 6 1
14 6 1
15 6 1
16 6 1
17 6 1
18 6 1
19 6 1
20 6 1
21 6 1
22 6 1
9 7 1
9 8 1
9 9 1
9 10 1
5 10 1
5 11 1
5 12 1
5 13 1
5 14 1
5 15 1
4 15 1
3 15 1
6 15 1
7 15 1
8 15 1
9 15 1
10 15 1
11 15 1
12 15 1
13 15 1
14 15 1
15 15 1
16 15 1
17 15 1
18 15 1
19 15 1
20 15 1
21 15 1
22 15 1
8 5 2
9 5 2
12 5 2
13 5 2
16 3 2
17 3 2
18 3 2
5 1 2
4 1 2
2 3 3
8 7 2
7 7 2
6 7 2
5 7 2
4 7 2
15 7 2
15 8 2
15 9 2
15 10 2
15 11 2
17 9 3
20 7 2
21 7 2
22 7 2
22 12 2
22 13 2
22 14 2
1 9 2
2 12 3
1 15 2
1 16 2
1 17 2
1 18 2
1 19 2
1 20 2
1 21 2
1 22 2
1 23 1
2 23 1
3 23 1
4 23 1
5 23 1
6 23 1
9 23 2
9 22 2
9 21 2
9 20 2
9 19 2
9 18 2
9 17 2
9 16 2
3 24 2
3 25 2
9 24 1
9 25 1
9 26 1
9 27 1
9 28 1
9 29 1
9 30 1
9 31 1
9 32 1
9 33 1
9 34 1
9 35 1
9 36 1
9 37 1
9 38 1
9 39 1
9 40 1
9 41 1
9 42 1
9 43 1
9 44 1
9 45 1
9 46 1
9 47 1
9 48 1
9 49 1
9 50 1
9 51 1
9 52 1
9 53 1
9 54 1
9 55 1
9 56 1
9 57 1
8 30 1
7 30 1
6 30 1
5 30 1
4 30 1
4 31 1
4 32 1
4 33 1
4 34 1
4 35 1
4 36 1
4 37 1
4 38 1
4 39 1
4 40 1
4 41 1
4 42 1
5 42 1
6 42 1
2 44 3
4 46 1
4 47 1
4 48 1
4 49 1
4 50 1
4 51 1
4 52 1
4 53 1
4 54 1
4 55 1
4 56 1
4 57 1
4 58 1
4 59 1
4 60 1
4 61 1
1 61 1
2 61 1
3 61 1
5 61 1
6 61 1
7 61 1
8 61 1
9 61 1
3 60 2
2 60 2
1 60 2
8 49 2
8 50 2
8 51 2
6 59 2
9 59 3
11 59 2
9 62 1
9 63 1
9 64 1
9 65 1
9 66 1
9 67 1
9 68 1
9 69 1
9 70 1
9 71 1
9 72 1
9 73 1
9 74 1
9 75 1
9 76 1
9 77 1
9 78 1
10 61 1
11 61 1
12 61 1
13 61 1
14 61 1
15 61 1
16 61 1
11 65 2
13 65 1
14 65 1
15 65 1
16 65 1
17 65 1
18 65 1
19 65 1
19 66 1
19 67 1
19 68 1
12 64 3
12 57 1
13 57 1
14 57 1
15 57 1
16 57 1
17 57 1
18 57 1
19 57 1
20 57 1
21 57 1
19 64 1
19 63 1
19 62 1
19 61 1
19 60 1
19 59 1
19 58 1
16 56 1
16 55 1
16 54 1
16 53 1
16 52 1
16 51 1
16 50 1
16 49 1
16 48 1
16 47 1
16 46 1
16 45 1
16 44 1
16 43 1
16 42 1
16 41 1
16 40 1
16 39 1
16 38 1
16 37 1
16 36 1
16 35 1
16 34 1
16 33 1
16 32 1
16 31 1
16 30 1
16 29 1
16 28 1
16 27 1
16 26 1
16 25 1
16 24 1
16 23 1
16 22 1
16 21 1
15 35 1
14 35 1
13 35 1
10 41 1
11 41 1
15 38 2
15 39 2
13 29 2
13 28 2
13 27 2
15 23 2
13 45 3
20 56 3
19 53 2
19 52 2
17 46 2
18 29 2
18 30 2
18 31 2
18 32 2
18 33 2
19 33 2
20 33 2
21 33 2
22 33 2
22 32 2
22 31 2
22 30 2
22 29 2
21 29 2
20 29 2
19 29 2
19 30 3
19 31 3
19 32 3
20 32 3
21 32 3
21 31 3
21 30 3
20 30 3
20 31 4
20 62 2
22 60 2
22 65 2
22 66 2
22 62 4
7 64 2
5 66 3
2 75 2
4 73 3
8 78 4
